4294967294,7
4294967278,132
4294967278,130
4294967278,128
4294967278,126
4294967278,123
4294967278,121
4294967278,120
4294967278,117
4294967278,115
4294967278,114
4294967278,110
4294967278,109
4294967278,107
4294967278,106
4294967278,103
4294967278,101
4294967278,98
4294967278,96
4294967278,93
4294967278,92
4294967278,89
4294967278,82
4294967278,80
4294967278,77
4294967278,74
4294967278,70
4294967278,65
4294967278,64
4294967278,60
4294967278,58
4294967278,57
4294967278,49
4294967278,47
4294967278,45
4294967278,42
4294967278,40
4294967278,38
4294967278,37
4294967278,33
4294967278,28
4294967278,24
4294967278,20
4294967278,15
4294967279,132
4294967279,131
4294967279,127
4294967279,126
4294967279,125
4294967279,119
4294967279,115
4294967279,111
4294967279,109
4294967279,105
4294967279,101
4294967279,99
4294967279,95
4294967279,91
4294967279,86
4294967279,83
4294967279,82
4294967279,78
4294967279,75
4294967279,72
4294967279,70
4294967279,68
4294967279,67
4294967279,63
4294967279,58
4294967279,55
4294967279,52
4294967279,51
4294967279,49
4294967279,48
4294967279,43
4294967279,303
4294967279,40
4294967279,300
4294967279,36
4294967279,298
4294967279,295
4294967279,28
4294967279,27
4294967279,25
4294967279,22
4294967279,20
4294967279,19
4294967279,18
4294967279,17
4294967279,16
4294967279,13
4294967279,12
4294967279,11
4294967279,10
4294967279,9
4294967279,7
4294967279,290
4294967279,6
4294967279,4
4294967278,301
4294967294,6
4294967294,93
4294967294,95
4294967294,424
4294967294,43
4294967294,416
4294967294,51
4294967294,52
4294967294,175
4294967294,180
4294967294,168
4294967294,92
4294967294,88
4294967294,166
4294967294,24
4294967294,398
4294967294,190
4294967294,14
4294967294,13
4294967294,18
4294967278,162
4294967294,67
4294967294,82
4294967294,83
4294967294,11
4294967294,81
4294967294,68
4294967278,300
6,8
6,7
4294967278,299
4294967278,298
4294967278,297
4294967278,296
4294967278,295
4294967294,187
4294967278,294
4294967278,293
7,5
7,4
7,3
7,2
7,1
4294967278,292
4294967278,291
4294967278,290
4294967278,289
6,6
6,5
6,4
6,3
6,2
6,1
4,4
4,3
4,2
4,1
4294967278,288
2,4
2,3
2,2
2,1
4294967294,473
4294967278,287
4294967278,286
4294967293,131
4294967293,130
4294967293,129
4294967293,128
4294967293,127
4294967293,126
4294967293,125
4294967293,124
4294967293,123
4294967293,122
4294967293,121
4294967293,120
4294967293,119
4294967293,118
4294967293,117
4294967293,116
4294967293,115
4294967293,114
4294967293,113
4294967293,112
4294967293,111
4294967293,110
4294967293,109
4294967293,108
4294967293,107
4294967293,106
4294967293,105
4294967293,104
4294967293,103
4294967293,102
4294967293,101
4294967293,100
4294967293,99
4294967293,98
4294967293,97
4294967293,96
4294967293,95
4294967293,94
4294967293,93
4294967293,92
4294967293,91
4294967293,90
4294967293,89
4294967293,88
4294967293,87
4294967293,86
4294967293,85
4294967293,84
4294967293,83
4294967293,82
4294967293,81
4294967293,80
4294967293,79
4294967293,78
4294967293,77
4294967293,76
4294967293,75
4294967293,74
4294967293,73
4294967293,72
4294967293,71
4294967293,70
4294967293,69
4294967293,68
4294967293,67
4294967293,66
4294967293,65
4294967293,64
4294967293,63
4294967293,62
4294967293,61
4294967293,60
4294967293,59
4294967293,58
4294967293,57
4294967293,56
4294967293,55
4294967293,54
4294967293,53
4294967293,52
4294967293,51
4294967293,50
4294967293,49
4294967293,48
4294967293,47
4294967293,46
4294967293,45
4294967293,44
4294967293,43
4294967293,42
4294967293,41
4294967293,40
4294967293,39
4294967293,38
4294967293,37
4294967293,36
4294967293,35
4294967293,34
4294967293,33
4294967293,32
4294967293,31
4294967293,30
4294967293,29
4294967293,28
4294967293,27
4294967293,26
4294967293,25
4294967293,24
4294967293,23
4294967293,22
4294967293,21
4294967293,20
4294967293,19
4294967293,18
4294967293,17
4294967293,16
4294967293,15
4294967293,14
4294967293,13
4294967293,12
4294967293,11
4294967293,10
4294967293,9
4294967293,8
4294967293,7
4294967293,6
4294967293,5
4294967293,4
4294967293,3
4294967293,2
4243767290,0
4243767289,0
4243767288,0
4243767287,0
4243767286,0
4243767285,0
4243767284,0
4243767283,0
4243767282,0
4243767281,0
4294967293,0
4294967279,476
4294967279,475
4294967279,474
4294967279,473
4294967279,472
4294967279,471
4294967279,470
4294967279,469
4294967279,468
4294967279,467
4294967279,466
4294967279,465
4294967279,464
4294967279,463
4294967279,462
4294967279,461
4294967279,460
4294967279,459
4294967279,458
4294967279,457
4294967279,456
4294967279,455
4294967279,454
4294967279,453
4294967279,452
4294967279,451
4294967279,450
4294967279,449
4294967279,448
4294967279,488
4294967279,487
4294967279,486
4294967279,485
4294967279,484
4294967279,483
4294967279,482
4294967279,481
4294967279,480
4294967279,174
4294967279,287
4294967279,286
4294967279,285
4294967279,284
4294967279,283
4294967279,282
4294967279,281
4294967279,277
4294967279,275
4294967279,272
4294967279,270
4294967279,269
4294967279,268
4294967279,265
4294967279,263
4294967279,261
4294967279,260
4294967279,259
0,5
4294967278,25
4294967278,22
4294967278,21
4294967278,18
4294967278,17
4294967278,16
4294967278,14
4294967278,13
4294967278,11
4294967278,10
4294967278,5
4294967278,4
4294967278,0
4294967278,285
4294967278,284
4294967278,283
4294967278,282
4294967278,281
4294967278,280
4294967278,279
4294967278,278
4294967278,277
4294967278,276
4294967278,274
4294967278,272
4294967278,270
4294967278,264
4294967278,263
4294967278,262
4294967278,260
4294967278,258
4294967278,138
4294967278,136
